Radix = 10;
CoefData= 0.0229602890894,0.00766570309319,0.0087288349464,0.00972504958514,0.0106156390885,0.0113623203564,0.0119264094008,0.0122659571109,0.0123434511381,0.0121266174594,0.0115888530755,0.0107062098145,0.00946124371206,0.00783940387829,0.00584328173343,0.00348879809807,0.000791223838255,-0.00222420922239,-0.00550659108672,-0.00899889051964,-0.0126594483886,-0.0163909345728,-0.0201265200501,-0.0237706899366,-0.0272294766065,-0.0304000294904,-0.0331789782795,-0.0354605116168,-0.0371423521721,-0.038122713819,-0.0383107507653,-0.0376129687401,-0.0359658037501,-0.0332995526798,-0.0295646077459,-0.0247360150642,-0.0187990340907,-0.0117533173635,-0.00362664117366,0.00553288537378,0.0156674752688,0.0266896460063,0.0384972197375,0.0509678097928,0.0639653110558,0.0773383913847,0.0909251418414,0.104551662621,0.118043694188,0.131205329001,0.143912550021,0.155890014197,0.167063313835,0.177237964371,0.186238108835,0.193943301914,0.200256814799,0.205084888643,0.208348780068,0.209994730988,0.209994730988,0.208348780068,0.205084888643,0.200256814799,0.193943301914,0.186238108835,0.177237964371,0.167063313835,0.155890014197,0.143912550021,0.131205329001,0.118043694188,0.104551662621,0.0909251418414,0.0773383913847,0.0639653110558,0.0509678097928,0.0384972197375,0.0266896460063,0.0156674752688,0.00553288537378,-0.00362664117366,-0.0117533173635,-0.0187990340907,-0.0247360150642,-0.0295646077459,-0.0332995526798,-0.0359658037501,-0.0376129687401,-0.0383107507653,-0.038122713819,-0.0371423521721,-0.0354605116168,-0.0331789782795,-0.0304000294904,-0.0272294766065,-0.0237706899366,-0.0201265200501,-0.0163909345728,-0.0126594483886,-0.00899889051964,-0.00550659108672,-0.00222420922239,0.000791223838255,0.00348879809807,0.00584328173343,0.00783940387829,0.00946124371206,0.0107062098145,0.0115888530755,0.0121266174594,0.0123434511381,0.0122659571109,0.0119264094008,0.0113623203564,0.0106156390885,0.00972504958514,0.0087288349464,0.00766570309319,0.0229602890894;