Radix = 10;
CoefData= -0.00180950762961,-0.00289336315407,0.00509299103455,0.000448852136628,-0.00535167256799,-0.00138834000201,0.00797472270136,0.00157824019425,-0.0110727782807,-0.00185641001598,0.0151892342627,0.00209930306466,-0.0206818965265,-0.00232310374372,0.0283366139118,0.00252104040908,-0.0398256647171,-0.00267993775216,0.0595285209268,0.0027998268905,-0.103583787717,-0.00287010879597,0.317462361719,0.502895658813,0.317462361719,-0.00287010879597,-0.103583787717,0.0027998268905,0.0595285209268,-0.00267993775216,-0.0398256647171,0.00252104040908,0.0283366139118,-0.00232310374372,-0.0206818965265,0.00209930306466,0.0151892342627,-0.00185641001598,-0.0110727782807,0.00157824019425,0.00797472270136,-0.00138834000201,-0.00535167256799,0.000448852136628,0.00509299103455,-0.00289336315407,-0.00180950762961, 0.00434935858907,-0.000534041031105,-0.00320947256718,-0.00506032736788,-0.00362106432486,0.00142835678854,0.00715747561923,0.00882229269773,0.00344744611121,-0.00693726223828,-0.0153034119884,-0.0138816915575,-0.000411695168506,0.0181547025501,0.028259168484,0.0184215314631,-0.0109825556924,-0.0438206602796,-0.054415327382,-0.0218209845786,0.0557729335869,0.155856515788,0.240115661735,0.273008831532,0.240115661735,0.155856515788,0.0557729335869,-0.0218209845786,-0.054415327382,-0.0438206602796,-0.0109825556924,0.0184215314631,0.028259168484,0.0181547025501,-0.000411695168506,-0.0138816915575,-0.0153034119884,-0.00693726223828,0.00344744611121,0.00882229269773,0.00715747561923,0.00142835678854,-0.00362106432486,-0.00506032736788,-0.00320947256718,-0.000534041031105,0.00434935858907;
